Apple:
	buy_rounds:	[1, 2, 3, 4, 5, 6, 7, 8, 12, 18, 19, 27, 28, 29, 39, 40, 41, 49, 50, 51, 73, 76, 77, 80, 81]
	first_bid:	5.58
	history_demand:	[1364, 1551, 252, 1033, 1277, 1635, 964, 1003, 2231, 601, 1476, 1135, 2063, 2474, 1540, 43, 789, 531, 258, 1611, 1403, 1090, 2039, 1505, 482, 443, 345, 467, 408, 863, 252, 1476, 1045, 803, 1326, 510, 589, 637, 424, 1230, 1194, 410, 402, 978, 1040, 1247, 863, 809, 502, 695, 829, 959, 627, 965, 473, 1025, 764, 1189, 1348, 653, 636, 1276, 1681, 0, 1929, 1826, 1382, 1216, 1661, 1232, 230, 728, 457, 464, 1227, 667, 952, 481, 709, 2168, 1734, 352, 1036, 569, 723, 922, 338, 1114, 518, 582, 833, 911, 603, 404, 1073, 507, 915, 946, 456, 381]
	history_own_quantity:	[0, 108, 108, 200, 200, 200, 200, 200, 200, 200, 200, 200, 200, 0, 0, 0, 0, 0, 859, 1640, 1640, 1640, 1640, 0, 0, 0, 0, 0, 0, 0, 0, 0, 0, 0, 0, 0, 0, 0, 0, 64, 64, 64, 64, 64, 0, 0, 0, 0, 0, 420, 420, 420, 0, 0, 0, 0, 0, 0, 0, 0, 0, 0, 0, 0, 0, 0, 0, 0, 0, 0, 0, 0, 0, 761, 761, 761, 761, 761, 761, 761, 761, 761, 761, 761, 761, 761, 761, 761, 761, 761, 761, 761, 0, 0, 0, 0, 0, 0, 0, 0]
	history_prices:	[4.6200000000000001, 5.0700000000000003, 5.4299999999999997, 5.7699999999999996, 6.5199999999999996, 6.8799999999999999, 7.2199999999999998, 7.4299999999999997, 7.4100000000000001, 7.0700000000000003, 7.21, 7.7999999999999998, 7.0899999999999999, 6.4100000000000001, 6.21, 5.9299999999999997, 6.5800000000000001, 7.96, 8.1199999999999992, 9.0600000000000005, 8.6500000000000004, 8.5600000000000005, 8.3599999999999994, 7.9400000000000004, 7.3799999999999999, 7.7599999999999998, 8.3300000000000001, 8.5700000000000003, 9.0500000000000007, 8.9100000000000001, 8.5099999999999998, 8.6400000000000006, 8.4000000000000004, 7.96, 7.9299999999999997, 7.29, 7.2400000000000002, 7.79, 7.8399999999999999, 8.2200000000000006, 8.3699999999999992, 7.4800000000000004, 7.0300000000000002, 6.9299999999999997, 6.9299999999999997, 6.7400000000000002, 6.4900000000000002, 6.9000000000000004, 7.0800000000000001, 7.3099999999999996, 7.8600000000000003, 7.0199999999999996, 6.9100000000000001, 7.1399999999999997, 7.0999999999999996, 6.9500000000000002, 6.6500000000000004, 6.6799999999999997, 6.3700000000000001, 5.9500000000000002, 6.3899999999999997, 6.3499999999999996, 5.9400000000000004, 5.46, 5.5300000000000002, 5.3099999999999996, 5.4900000000000002, 5.4500000000000002, 5.1699999999999999, 5.2800000000000002, 4.6900000000000004, 4.9800000000000004, 5.5800000000000001, 5.46, 5.9000000000000004, 5.9900000000000002, 6.2800000000000002, 6.1399999999999997, 6.2199999999999998, 6.2199999999999998, 6.2599999999999998, 6.1500000000000004, 6.0999999999999996, 6.2599999999999998, 6.1100000000000003, 6.2400000000000002, 6.46, 6.3499999999999996, 6.7300000000000004, 6.5899999999999999, 6.4100000000000001, 6.4000000000000004, 6.2599999999999998, 5.9500000000000002, 5.9900000000000002, 5.6900000000000004, 5.9000000000000004, 5.96, 5.8200000000000003, 6.1699999999999999]
	history_supply:	[637, 681, 616, 698, 774, 626, 1955, 519, 846, 1206, 591, 395, 560, 805, 896, 3345, 2505, 1214, 1358, 496, 645, 668, 149, 426, 1150, 1215, 1099, 991, 654, 400, 1818, 475, 629, 1467, 620, 877, 949, 428, 700, 569, 373, 1016, 782, 460, 711, 533, 1777, 1617, 1143, 401, 506, 665, 365, 394, 1216, 486, 1946, 670, 884, 1352, 942, 321, 1002, 3082, 760, 875, 831, 734, 714, 677, 1934, 1661, 761, 1791, 496, 930, 589, 1380, 988, 405, 726, 1279, 205, 1449, 1108, 479, 1117, 402, 1215, 1126, 520, 395, 261, 929, 1682, 857, 644, 344, 692, 856]
	history_volatility:	[0, 0.019480519480519487, 0.029785599016368229, 0.036351499470921464, 0.055077733372231111, 0.055105131483060975, 0.053967826116681342, 0.04899143540858053, 0.039731506334939784, 0.040961993192108373, 0.03672999059329065, 0.045750150588363445, 0.054805248675818964, 0.063026145344040205, 0.056661165885216566, 0.054346646073712715, 0.065399745189492958, 0.094265084905393759, 0.079432168426827557, 0.086698444101068001, 0.078409527907785964, 0.064808547181720105, 0.056519734941637791, 0.055263634843262369, 0.058316701325491514, 0.056951464041423018, 0.060251892882622962, 0.053963819228067166, 0.054372922360283384, 0.04659226054016042, 0.046252484077470658, 0.04005721640416221, 0.037601328678885326, 0.040557253419298743, 0.033199571579660109, 0.042700893077095035, 0.035532456574158877, 0.043619335425072951, 0.036179165387555147, 0.038637209861064545, 0.034559402925347947, 0.048913950058318958, 0.051163245608152497, 0.043775546699893281, 0.035020437359914627, 0.033499755371337168, 0.034218201923182492, 0.040009384342860325, 0.037224898778636079, 0.036277094164151792, 0.044069554948284517, 0.056629689760154346, 0.048437654942026599, 0.045407142766935304, 0.037446162392819955, 0.034182282026932007, 0.035978919146725456, 0.02968539095647809, 0.033029749890930965, 0.039610613099557955, 0.046478406446032905, 0.03843468133835997, 0.043661130897459613, 0.051090520879583864, 0.043436519267769667, 0.04270581577587941, 0.040944313637652704, 0.034212645809940018, 0.037645346005750188, 0.034371595953536331, 0.049845761611313912, 0.052243347028923193, 0.065891063165307212, 0.05701392580106298, 0.061728356758066517, 0.052433532864080326, 0.051629630965721686, 0.045762303498692015, 0.039215705991136024, 0.031372564792908821, 0.026384225467767575, 0.024621757371019154, 0.021323422156977946, 0.022304639364926625, 0.022636043760311891, 0.022364154157185678, 0.024942605377030587, 0.023359657057042439, 0.030656229582641848, 0.028685459149025826, 0.028411189777490759, 0.02304096430249182, 0.022807771441993474, 0.028150370508227357, 0.023864834221707938, 0.029108561868184373, 0.030668220320558041, 0.026568474561531163, 0.025952766226406125, 0.032789704390059592]
	if_clear_max_price:	True
	max_price:	6.73
	not_buy_days:	0
	not_sell_days:	0
	sell_rounds:	[13, 23, 42, 43, 44, 52, 92]
Banana:
	buy_rounds:	[1, 2, 3, 4, 5, 6, 7, 8, 11, 12, 18, 19, 20, 27, 28, 31, 32, 33, 41, 49, 50, 75]
	first_bid:	3.49
	history_demand:	[1668, 613, 465, 618, 665, 1518, 2858, 1111, 2012, 1192, 706, 930, 1301, 2083, 2128, 365, 498, 654, 445, 1475, 1703, 733, 1222, 941, 613, 659, 871, 824, 606, 720, 559, 851, 873, 802, 993, 631, 529, 544, 427, 945, 713, 616, 569, 1061, 584, 1280, 468, 1003, 503, 458, 831, 877, 754, 1000, 743, 837, 1732, 662, 1239, 519, 735, 1017, 762, 205, 1843, 1893, 1351, 971, 880, 1182, 923, 504, 932, 761, 622, 558, 996, 426, 674, 1394, 5620, 327, 1118, 886, 664, 1022, 394, 884, 493, 902, 887, 1119, 658, 766, 773, 478, 618, 599, 389, 499]
	history_own_quantity:	[0, 144, 144, 269, 269, 269, 269, 269, 269, 269, 269, 269, 269, 0, 0, 0, 0, 0, 617, 617, 617, 617, 617, 0, 0, 0, 0, 0, 0, 0, 0, 629, 629, 629, 629, 629, 629, 629, 629, 629, 629, 629, 242, 242, 242, 242, 242, 0, 0, 497, 497, 497, 278, 0, 0, 0, 0, 0, 0, 0, 0, 0, 0, 0, 0, 0, 0, 0, 0, 0, 0, 0, 0, 0, 0, 410, 410, 410, 410, 410, 410, 410, 106, 0, 0, 0, 0, 0, 0, 0, 0, 0, 0, 0, 0, 0, 0, 0, 0, 0]
	history_prices:	[3.46, 3.7400000000000002, 3.98, 4.46, 4.9800000000000004, 5.0099999999999998, 5.1600000000000001, 5.1699999999999999, 4.9800000000000004, 5.2599999999999998, 5.7199999999999998, 6.3099999999999996, 5.6699999999999999, 5.1799999999999997, 5.0599999999999996, 4.4500000000000002, 4.5899999999999999, 6.1600000000000001, 6.79, 7.3899999999999997, 6.9000000000000004, 6.5800000000000001, 6.5099999999999998, 6.1699999999999999, 5.46, 6.04, 6.79, 7.25, 7.1699999999999999, 7.5899999999999999, 7.8099999999999996, 8.1099999999999994, 8.6500000000000004, 8.3900000000000006, 8.5500000000000007, 8.3599999999999994, 7.9400000000000004, 8.5299999999999994, 7.9000000000000004, 8.1999999999999993, 8.5700000000000003, 7.8600000000000003, 7.75, 8.5600000000000005, 8.1199999999999992, 8.1199999999999992, 7.4199999999999999, 8.1199999999999992, 8.3000000000000007, 8.3399999999999999, 8.1400000000000006, 7.29, 6.5999999999999996, 6.1100000000000003, 5.9199999999999999, 5.6500000000000004, 5.3799999999999999, 5.54, 5.2400000000000002, 5.04, 5.8799999999999999, 5.5300000000000002, 5.0599999999999996, 4.5700000000000003, 5.29, 4.3200000000000003, 4.2599999999999998, 4.2199999999999998, 3.7400000000000002, 3.75, 3.4500000000000002, 3.2999999999999998, 3.3799999999999999, 3.4199999999999999, 3.4900000000000002, 3.4700000000000002, 3.7000000000000002, 3.6499999999999999, 3.79, 3.73, 3.5299999999999998, 2.8399999999999999, 2.5600000000000001, 2.75, 2.4500000000000002, 2.4700000000000002, 2.4199999999999999, 2.4500000000000002, 2.5, 2.4900000000000002, 2.9100000000000001, 2.7999999999999998, 2.7000000000000002, 2.3900000000000001, 2.29, 2.6699999999999999, 3.2200000000000002, 3.23, 3.1499999999999999, 3.2000000000000002]
	history_supply:	[690, 715, 725, 466, 445, 500, 1069, 1326, 1334, 968, 946, 393, 792, 684, 746, 3639, 2759, 841, 1083, 688, 976, 892, 358, 645, 1104, 957, 1149, 696, 680, 845, 1329, 540, 656, 1034, 642, 708, 699, 458, 588, 772, 428, 1028, 682, 719, 804, 967, 711, 668, 733, 330, 684, 1021, 871, 513, 1077, 592, 926, 556, 844, 1245, 855, 528, 1084, 1826, 3184, 1165, 826, 643, 1332, 632, 1578, 1894, 1178, 1088, 410, 658, 811, 1097, 312, 1023, 86, 3478, 739, 674, 757, 909, 690, 544, 691, 1595, 404, 953, 337, 1451, 1105, 1142, 772, 457, 613, 958]
	history_volatility:	[0, 0.016184971098265909, 0.025782201477543197, 0.044746364197109936, 0.059115477007912184, 0.04849720088343816, 0.044785784658846348, 0.036216224626301877, 0.03632307641284032, 0.040303441049950942, 0.049733247136538698, 0.060415968338601592, 0.068618036160580154, 0.072178379545748086, 0.062375908269803104, 0.07401139855260136, 0.065501253673541746, 0.12081058899547829, 0.11710301665092808, 0.11135546192162611, 0.1023455332720776, 0.091151788936502665, 0.075049090723670234, 0.070484741088920819, 0.079402379581023211, 0.084767324910239819, 0.092648297014284564, 0.08766797487210512, 0.072341276449408229, 0.069588502331074692, 0.061467903314135111, 0.05685678103799182, 0.05880231755542431, 0.053053414737981065, 0.046256796152720971, 0.041449881366621248, 0.043207751983249131, 0.049427662543778117, 0.054313525111224115, 0.051045756797840028, 0.049860995682174489, 0.056458224783779265, 0.047965562015318583, 0.059275675418706486, 0.057700914166740926, 0.04616073133339274, 0.05416996437705901, 0.06220389602994908, 0.054196614360905115, 0.044321146910410822, 0.040253080597873005, 0.053086985362819306, 0.061399629442518831, 0.06396818840249989, 0.05739386332429125, 0.055036712281054612, 0.053586891948737517, 0.048817468949324594, 0.049884300069206959, 0.047541027841625116, 0.071366155606633425, 0.068997686390068633, 0.07219634079379092, 0.077124661567839037, 0.093209576081404705, 0.1112406287290179, 0.091770280760992112, 0.07529415888109417, 0.082984142270752098, 0.066922073174890434, 0.069537658539912339, 0.064325779005842937, 0.05630910805315921, 0.047414150347852811, 0.042024887529744252, 0.034766041828953001, 0.041069317613018311, 0.035558156793117371, 0.036117758311206234, 0.032060433561893753, 0.036372207439327342, 0.068191250370725334, 0.074271310155735182, 0.074260798124588148, 0.081226820317852319, 0.066614109315506348, 0.057339870448356513, 0.048351235201660438, 0.042762620814389564, 0.035010096651511634, 0.061743017080245446, 0.056954551121241051, 0.052706498039849961, 0.065128161394842926, 0.060470729952694438, 0.081564356887919728, 0.10644998738299498, 0.085781107918818336, 0.073578446706571696, 0.062037360539860552]
	if_clear_max_price:	True
	max_price:	3.79
	not_buy_days:	0
	not_sell_days:	0
	sell_rounds:	[13, 23, 42, 47, 52, 53, 82, 83]
Cashew:
	buy_rounds:	[1, 2, 3, 4, 5, 6, 7, 8, 9, 10, 11, 17, 18, 19, 25, 30, 36, 37, 38, 42, 43, 44, 57, 58, 59, 70, 74, 79, 82]
	first_bid:	2.7
	history_demand:	[381, 173, 251, 347, 239, 314, 146, 281, 361, 498, 304, 71, 627, 130, 427, 626, 1563, 456, 312, 228, 190, 374, 590, 390, 443, 341, 359, 149, 298, 400, 291, 1308, 129, 166, 51, 169, 177, 1846, 1233, 1688, 494, 287, 930, 481, 1564, 980, 790, 663, 434, 304, 422, 371, 1529, 499, 96, 182, 173, 226, 1397, 162, 472, 919, 190, 311, 490, 733, 220, 174, 199, 235, 246, 369, 1132, 253, 275, 286, 775, 754, 372, 156, 182, 241, 228, 122, 229, 286, 244, 2640, 350, 272, 593, 206, 248, 123, 337, 156, 380, 476, 583, 365]
	history_own_quantity:	[0, 168, 168, 253, 253, 253, 253, 253, 253, 253, 253, 253, 253, 253, 253, 20, 20, 20, 217, 217, 217, 217, 217, 217, 217, 217, 217, 217, 217, 217, 217, 217, 217, 106, 69, 53, 53, 111, 111, 111, 111, 111, 111, 1023, 1436, 1436, 1436, 1436, 1436, 1132, 1038, 1038, 854, 0, 0, 0, 0, 64, 64, 64, 64, 0, 0, 0, 0, 0, 0, 0, 0, 0, 0, 0, 0, 0, 61, 61, 61, 61, 61, 61, 61, 61, 61, 61, 61, 61, 0, 0, 0, 0, 0, 0, 0, 0, 0, 0, 0, 0, 0, 0]
	history_prices:	[0.94999999999999996, 1.04, 1.1399999999999999, 1.24, 1.3200000000000001, 1.5, 1.6899999999999999, 1.72, 1.8600000000000001, 2.0800000000000001, 2.3500000000000001, 2.1899999999999999, 2.3300000000000001, 2.2999999999999998, 2.0899999999999999, 2.2599999999999998, 2.5, 2.6299999999999999, 2.9700000000000002, 2.96, 2.8500000000000001, 3.0899999999999999, 3.0299999999999998, 3.29, 3.6499999999999999, 3.46, 3.54, 3.4100000000000001, 3.5499999999999998, 3.8500000000000001, 3.5800000000000001, 3.3300000000000001, 3.0099999999999998, 2.8900000000000001, 3.1899999999999999, 3.2799999999999998, 3.4300000000000002, 3.7599999999999998, 3.48, 3.4100000000000001, 3.6800000000000002, 3.7799999999999998, 3.98, 4.0199999999999996, 3.7999999999999998, 4.2599999999999998, 4.1299999999999999, 3.8599999999999999, 3.8399999999999999, 3.75, 3.54, 3.2200000000000002, 3.1200000000000001, 2.8399999999999999, 2.7200000000000002, 2.8199999999999998, 3.1000000000000001, 3.3799999999999999, 3.4900000000000002, 3.4199999999999999, 3.02, 3.0099999999999998, 2.8799999999999999, 2.9700000000000002, 2.7000000000000002, 2.7200000000000002, 2.7200000000000002, 2.6499999999999999, 2.73, 2.9399999999999999, 2.6499999999999999, 2.4900000000000002, 2.6600000000000001, 2.7000000000000002, 2.6899999999999999, 2.8500000000000001, 2.6600000000000001, 2.79, 2.7999999999999998, 2.7200000000000002, 3.1200000000000001, 3.2999999999999998, 3.1899999999999999, 2.98, 3.1200000000000001, 2.8100000000000001, 2.6099999999999999, 2.7599999999999998, 2.5099999999999998, 2.3100000000000001, 2.21, 2.2000000000000002, 2.3900000000000001, 2.3799999999999999, 2.6200000000000001, 2.4399999999999999, 2.4100000000000001, 2.5099999999999998, 2.4900000000000002, 2.73]
	history_supply:	[374, 171, 240, 331, 262, 310, 145, 288, 372, 548, 285, 70, 617, 129, 417, 663, 1706, 487, 322, 245, 181, 363, 612, 397, 436, 350, 352, 156, 338, 380, 286, 1210, 131, 161, 51, 174, 173, 1984, 1170, 1719, 483, 278, 980, 492, 1664, 948, 780, 625, 446, 308, 416, 377, 1578, 513, 100, 177, 177, 231, 1340, 154, 446, 898, 192, 318, 510, 717, 215, 170, 194, 236, 241, 373, 1076, 245, 288, 283, 769, 736, 411, 154, 184, 234, 231, 121, 232, 297, 235, 2870, 361, 277, 621, 202, 251, 120, 335, 159, 388, 491, 619, 360]
	history_volatility:	[0, 0.01894736842105265, 0.034388663967611324, 0.045054790823211885, 0.048947058465021134, 0.066430374044744167, 0.078477632569128652, 0.066332401913291095, 0.069344991298074754, 0.079131907016954425, 0.089267064075102015, 0.085030672536677371, 0.080809926157195788, 0.067223048221893983, 0.072039308142732572, 0.073899389097918114, 0.080358449331431853, 0.074686759465145469, 0.085604920880101187, 0.069157337377481642, 0.062758302334417732, 0.06704874713069206, 0.057522492850184716, 0.063179710451764945, 0.072428266841655112, 0.068353572377433683, 0.059307135358594353, 0.054790341055237057, 0.052043416539204287, 0.058536141682067666, 0.060854887371628162, 0.062650390344229895, 0.069339531494603146, 0.063445047122592788, 0.071517283372814697, 0.062856459927091879, 0.059431509405088158, 0.066787190031359134, 0.068323369046363894, 0.058681683742838234, 0.062781124120370291, 0.055659681904991862, 0.055109756106004083, 0.046097855136059532, 0.047823557740688409, 0.062469372508340205, 0.056078784391648685, 0.0579380880460066, 0.047386739866857097, 0.042596891893485672, 0.045277513514788537, 0.054301106857028561, 0.04965206560984646, 0.057670370436595134, 0.054587000574628196, 0.051022541636173126, 0.060676189337307319, 0.066605467598878101, 0.059793249818747472, 0.051846061173049574, 0.064868661803936731, 0.052557181098778535, 0.050683618633175644, 0.046796894906540536, 0.055619334107050611, 0.045976948767121974, 0.036781559013697576, 0.034572306034487493, 0.033695580676646603, 0.042341079925932668, 0.05360075509720872, 0.054956075775880166, 0.057619479094599704, 0.049103102072672246, 0.040023222398878552, 0.043914488699771999, 0.048464924293150927, 0.048546375524746298, 0.039553946297933226, 0.037357442752632267, 0.059297718907988163, 0.058976636664852047, 0.053847975998548292, 0.056244524999465598, 0.054391593153934902, 0.063385069394942789, 0.064942930960794093, 0.063448597642198484, 0.068874820142744292, 0.071036111094275101, 0.065486897533428748, 0.053294495402308593, 0.059908323594574139, 0.048763478959341341, 0.059178850394363845, 0.061083538330758261, 0.051325847058049212, 0.049359432833161333, 0.041081171764537003, 0.052142045845364526]
	if_clear_max_price:	True
	max_price:	3.3
	not_buy_days:	0
	not_sell_days:	0
	sell_rounds:	[15, 33, 34, 35, 49, 50, 51, 52, 53, 61, 86]
Durian:
	buy_rounds:	[1, 2, 3, 4, 6, 7, 8, 18, 26, 29, 30, 31, 35, 36, 40, 41, 42, 45, 46, 51, 52, 55, 59, 63, 67, 74, 82]
	first_bid:	0
	history_demand:	[610, 837, 317, 219, 407, 370, 302, 270, 411, 510, 310, 79, 367, 359, 283, 219, 379, 608, 639, 472, 382, 223, 344, 377, 408, 365, 387, 578, 280, 565, 215, 1141, 143, 330, 226, 279, 315, 427, 296, 171, 315, 585, 544, 257, 321, 353, 188, 327, 365, 245, 307, 213, 132, 227, 217, 366, 171, 194, 206, 201, 286, 264, 254, 230, 302, 295, 379, 368, 337, 196, 382, 331, 272, 174, 179, 394, 234, 716, 309, 456, 300, 470, 328, 366, 135, 127, 379, 511, 283, 355, 583, 468, 277, 149, 156, 153, 323, 244, 209, 231]
	history_own_quantity:	[0, 274, 274, 467, 467, 467, 467, 776, 1009, 1009, 1009, 1009, 1009, 1009, 1009, 802, 583, 583, 1156, 697, 279, 2, 2, 2, 0, 0, 0, 0, 0, 0, 0, 143, 143, 143, 143, 143, 143, 0, 0, 0, 0, 0, 400, 189, 32, 32, 32, 32, 32, 0, 0, 0, 0, 0, 0, 0, 0, 0, 0, 0, 0, 0, 0, 10, 0, 0, 0, 0, 0, 0, 0, 0, 0, 0, 148, 148, 148, 148, 148, 133, 0, 0, 0, 0, 0, 0, 0, 0, 0, 0, 0, 0, 0, 0, 0, 0, 0, 0, 0, 0]
	history_prices:	[0.40999999999999998, 0.45000000000000001, 0.46999999999999997, 0.45000000000000001, 0.46999999999999997, 0.57999999999999996, 0.70999999999999996, 0.81999999999999995, 0.90000000000000002, 1.1100000000000001, 1.1299999999999999, 1.1100000000000001, 1.1599999999999999, 1.28, 1.1799999999999999, 1.0900000000000001, 1.2, 1.3999999999999999, 1.28, 1.3300000000000001, 1.3100000000000001, 1.47, 1.4199999999999999, 1.26, 1.3500000000000001, 1.45, 1.3999999999999999, 1.5800000000000001, 1.6499999999999999, 1.8, 1.8, 1.79, 1.6399999999999999, 1.71, 1.8799999999999999, 2.0099999999999998, 1.8100000000000001, 1.79, 2.02, 2.02, 2.3900000000000001, 2.3999999999999999, 2.21, 2.21, 2.3399999999999999, 2.5699999999999998, 2.4100000000000001, 2.3599999999999999, 2.0499999999999998, 2.0699999999999998, 2.25, 2.4900000000000002, 2.48, 2.5099999999999998, 3.02, 2.8300000000000001, 2.3999999999999999, 2.4100000000000001, 2.6699999999999999, 2.54, 2.3300000000000001, 2.4199999999999999, 2.4900000000000002, 2.4700000000000002, 2.3199999999999998, 2.6200000000000001, 3.1299999999999999, 2.9100000000000001, 2.8100000000000001, 2.79, 2.4300000000000002, 2.5499999999999998, 2.6000000000000001, 2.6899999999999999, 2.6800000000000002, 2.71, 2.6699999999999999, 2.6800000000000002, 2.5299999999999998, 2.3799999999999999, 2.5899999999999999, 2.8300000000000001, 2.6699999999999999, 2.6600000000000001, 2.4300000000000002, 2.6299999999999999, 2.5899999999999999, 2.5099999999999998, 2.4700000000000002, 2.23, 2.3500000000000001, 2.23, 1.97, 2.0600000000000001, 1.95, 2.0899999999999999, 2.2200000000000002, 2.1800000000000002, 2.23, 2.1299999999999999]
	history_supply:	[787, 541, 354, 193, 498, 429, 341, 324, 508, 373, 265, 89, 405, 417, 243, 290, 340, 573, 529, 508, 468, 191, 292, 401, 334, 400, 424, 696, 373, 410, 191, 829, 170, 276, 218, 296, 268, 528, 356, 187, 386, 519, 440, 280, 307, 302, 166, 274, 464, 295, 271, 252, 167, 300, 157, 314, 251, 229, 240, 187, 254, 235, 224, 299, 453, 265, 440, 425, 418, 142, 325, 296, 359, 159, 198, 342, 254, 561, 395, 381, 422, 397, 357, 293, 156, 148, 491, 472, 253, 391, 443, 326, 316, 132, 185, 184, 291, 291, 223, 197]
	history_volatility:	[0, 0.019512195121951237, 0.024498644986449863, 0.028109554287032212, 0.031376532318514644, 0.071909736493109583, 0.10235537540138422, 0.11287021581406512, 0.10980836777320332, 0.13451336088522933, 0.11121429231178703, 0.092511256858279142, 0.083018014495632286, 0.087104066768919644, 0.085308253415135732, 0.08350084002024416, 0.086984158254727412, 0.10292065993711526, 0.099479385092549333, 0.08739600807403948, 0.072924325256224068, 0.082766941121009768, 0.073016273985243199, 0.080948230455800185, 0.07904429865035445, 0.078050253735098357, 0.069336754712216619, 0.081183689484059032, 0.07380771108091809, 0.077227987046552676, 0.061782389637242141, 0.050537022820904817, 0.057189394793036717, 0.054288101200283045, 0.063313521895898936, 0.0644806047507617, 0.071484981313047147, 0.05939792980181894, 0.073216667863801516, 0.05857333429104121, 0.083492330799169609, 0.06763068472301767, 0.069937881111747466, 0.055950304889397971, 0.056524949793871307, 0.064878079493216695, 0.064353825462277608, 0.055632437963183103, 0.070777136811224467, 0.058572928961174699, 0.064249647516765859, 0.072733051346746042, 0.058989653928802475, 0.049611077981751642, 0.080326312584604515, 0.076843831524637252, 0.091863757799215115, 0.074324339572705442, 0.081036235143641513, 0.074566815830269001, 0.076188885735081341, 0.068676430476477077, 0.060726268348123835, 0.05018744038131031, 0.052295701292902529, 0.067698629999839291, 0.093090201709795067, 0.088529669355056489, 0.077696587717722171, 0.063580757718661729, 0.076671057787832592, 0.071213389440142591, 0.060892280179565071, 0.055636901066728972, 0.045253015277174985, 0.038441218191889226, 0.03370500407380659, 0.027713066929457277, 0.033364483394312118, 0.038549294225331113, 0.048486494203794299, 0.057322013895853986, 0.057165031611382845, 0.046481088959518246, 0.05447810425032136, 0.060043388750051309, 0.051076536095098081, 0.047038835053684648, 0.040818319038963623, 0.052087853611737713, 0.052432614727955205, 0.052158857739810979, 0.065045471842073002, 0.06117343331122186, 0.059618358299462937, 0.062053660998544702, 0.062083120186395599, 0.053270099752720089, 0.047203235765478808, 0.046731198477853911]
	if_clear_max_price:	False
	max_price:	2.83
	not_buy_days:	0
	not_sell_days:	0
	sell_rounds:	[15, 16, 19, 20, 21, 24, 33, 37, 43, 44, 49, 64, 79, 80]
Eggfruit:
	buy_rounds:	[1, 2, 3, 4, 7, 8, 9, 10, 18, 19, 20, 22, 30, 31, 37, 38, 41, 42, 53, 54, 55, 56, 59, 60, 66, 78, 79, 84]
	first_bid:	4.31
	history_demand:	[178, 184, 113, 179, 84, 97, 183, 120, 98, 166, 114, 27, 150, 145, 201, 99, 102, 382, 87, 90, 172, 593, 734, 146, 266, 472, 272, 152, 271, 341, 124, 349, 56, 198, 154, 92, 165, 161, 110, 106, 138, 217, 153, 330, 304, 387, 299, 460, 440, 356, 203, 134, 244, 154, 181, 230, 185, 120, 242, 174, 263, 255, 229, 161, 180, 262, 132, 157, 175, 195, 150, 191, 146, 144, 159, 257, 197, 183, 206, 265, 109, 139, 450, 213, 141, 247, 155, 165, 162, 153, 340, 529, 229, 256, 108, 130, 218, 137, 121, 395]
	history_own_quantity:	[0, 60, 60, 148, 148, 148, 148, 148, 148, 193, 373, 373, 352, 352, 352, 352, 352, 352, 371, 371, 424, 424, 459, 459, 459, 459, 459, 263, 184, 184, 184, 255, 255, 255, 178, 24, 9, 205, 312, 312, 312, 346, 499, 499, 499, 288, 0, 0, 0, 0, 0, 0, 0, 0, 31, 89, 232, 47, 47, 47, 47, 0, 0, 0, 0, 0, 0, 0, 0, 0, 0, 0, 0, 0, 0, 0, 0, 0, 382, 653, 464, 400, 280, 280, 401, 401, 401, 301, 137, 137, 137, 137, 137, 137, 0, 0, 0, 0, 0, 0]
	history_prices:	[3.3700000000000001, 3.71, 3.7599999999999998, 3.9399999999999999, 3.8300000000000001, 4.3899999999999997, 4.9100000000000001, 5.4699999999999998, 5.4900000000000002, 5.9500000000000002, 5.5999999999999996, 5.1200000000000001, 5.6500000000000004, 5.6900000000000004, 5.9100000000000001, 6.1500000000000004, 6.6900000000000004, 6.71, 7.1600000000000001, 7.4299999999999997, 8.1799999999999997, 8.3499999999999996, 8.1500000000000004, 8.3300000000000001, 7.7599999999999998, 7.4900000000000002, 6.1699999999999999, 6.0499999999999998, 6.25, 6.6100000000000003, 6.8300000000000001, 6.75, 6.4900000000000002, 6.1600000000000001, 6.2300000000000004, 6.2699999999999996, 6.71, 7.0300000000000002, 6.9800000000000004, 7.0999999999999996, 8.3699999999999992, 8.5299999999999994, 8.1600000000000001, 8.0199999999999996, 7.0999999999999996, 6.5499999999999998, 5.9500000000000002, 6.0999999999999996, 5.3200000000000003, 4.2599999999999998, 4.2400000000000002, 4.3300000000000001, 4.8499999999999996, 5.1900000000000004, 5.8899999999999997, 6.2400000000000002, 5.3799999999999999, 5.9699999999999998, 6.2000000000000002, 6.25, 5.71, 4.8499999999999996, 4.6699999999999999, 4.2999999999999998, 4.3899999999999997, 4.6500000000000004, 4.4699999999999998, 4.0999999999999996, 3.9500000000000002, 3.9500000000000002, 3.5099999999999998, 3.6899999999999999, 3.4300000000000002, 3.6699999999999999, 3.6099999999999999, 3.3599999999999999, 3.4399999999999999, 3.6299999999999999, 3.73, 4.04, 3.9300000000000002, 3.77, 4.2599999999999998, 4.3099999999999996, 4.3200000000000003, 4.1799999999999997, 4.0300000000000002, 3.8900000000000001, 4.2000000000000002, 4.3399999999999999, 4.6299999999999999, 4.7300000000000004, 4.5999999999999996, 3.9300000000000002, 3.6699999999999999, 3.9399999999999999, 4.3600000000000003, 4.1500000000000004, 3.8500000000000001, 3.8900000000000001]
	history_supply:	[216, 139, 171, 129, 172, 141, 259, 100, 152, 208, 91, 46, 111, 113, 135, 136, 141, 280, 141, 199, 125, 325, 298, 226, 143, 321, 182, 196, 420, 241, 184, 172, 72, 247, 124, 115, 272, 128, 229, 240, 112, 153, 106, 136, 191, 146, 190, 252, 1503, 420, 269, 265, 334, 335, 136, 143, 301, 245, 177, 106, 140, 374, 156, 223, 396, 181, 175, 113, 324, 93, 202, 344, 262, 191, 229, 180, 330, 382, 422, 141, 205, 221, 350, 182, 197, 172, 287, 223, 218, 186, 632, 211, 141, 153, 204, 255, 157, 87, 98, 219]
	history_volatility:	[0, 0.020178041543026697, 0.018837851024178762, 0.024644748904449405, 0.025299555468737182, 0.049482464218331759, 0.063276176386054955, 0.073431531740208514, 0.059476486818126603, 0.06433893080240656, 0.0632358505242782, 0.067731537562279689, 0.07488835504982376, 0.061326613243398831, 0.05679415526958724, 0.053557151626837315, 0.060406696911225952, 0.048923264853345472, 0.052551428574181602, 0.049583042300686053, 0.059854859143375225, 0.052040366532304094, 0.046422712387519903, 0.041555347824126343, 0.046929752448976951, 0.04450256484577949, 0.070849047871283141, 0.060569027600105928, 0.055066792328018629, 0.055573433862414909, 0.05111532802790468, 0.043234868571664885, 0.042291598561035607, 0.044002770374252216, 0.037474943572129056, 0.03126406400698091, 0.039046338924882983, 0.040775074120532329, 0.034042534403111488, 0.030672422937961945, 0.060312586237693491, 0.052073247006881193, 0.050333861380417011, 0.043698461653353234, 0.057901412714203779, 0.061814087917841889, 0.067771881021296401, 0.059259521623759789, 0.072981387790811092, 0.098234734292799261, 0.079526754570389629, 0.067866686675179616, 0.078311825090721043, 0.076670078629277896, 0.088311014733865448, 0.082533361871982028, 0.093590792061688188, 0.09680571915120928, 0.085149767950783189, 0.069732717586432999, 0.073066174069146395, 0.088575531199275109, 0.078283105371791201, 0.078472308708567876, 0.066963893478482209, 0.065416217288480558, 0.060074909314655443, 0.064614737295124819, 0.059008863006831537, 0.047207090405465231, 0.060044153337030434, 0.058291732926034609, 0.060725527262236886, 0.0625745909059994, 0.053329427493191896, 0.056513957507018889, 0.049973070767519875, 0.051024968241922875, 0.046329616466816541, 0.053685677087662351, 0.048394086224585318, 0.046857762618345108, 0.063480905054888279, 0.053132141884286201, 0.042969750630398831, 0.040857281985800575, 0.039862859081463406, 0.038838178084029291, 0.047008845809125746, 0.044273743313967252, 0.048783049950712976, 0.043346094388216197, 0.040173704263215697, 0.061269398193181238, 0.062247070717394867, 0.064511553031681573, 0.072929039379659999, 0.06797625902666378, 0.068838838546632239, 0.057148992915227868]
	if_clear_max_price:	True
	max_price:	4.73
	not_buy_days:	0
	not_sell_days:	0
	sell_rounds:	[12, 27, 28, 29, 34, 35, 36, 45, 46, 57, 61, 79, 80, 81, 82, 87, 88, 94]
Feijoa:
	buy_rounds:	[1, 2, 3, 4, 7, 8, 9, 10, 11, 12, 13, 14, 15, 16, 17, 18, 21, 30, 31, 32, 33, 34, 35, 38, 39, 53, 54, 78, 79, 80, 81]
	first_bid:	2
	history_demand:	[654, 839, 310, 550, 565, 979, 1178, 581, 615, 604, 558, 141, 629, 592, 794, 782, 1171, 660, 590, 913, 686, 959, 968, 579, 679, 984, 581, 878, 865, 799, 1297, 1123, 513, 596, 381, 552, 618, 1086, 981, 1165, 516, 655, 1026, 808, 734, 1533, 1658, 1577, 1782, 876, 771, 1578, 1383, 2044, 1734, 1070, 1131, 1568, 1779, 883, 920, 1338, 692, 1109, 938, 1121, 1301, 1108, 809, 1206, 861, 1647, 966, 1735, 1313, 1237, 1171, 1400, 1166, 1392, 1188, 1082, 1196, 984, 772, 1038, 695, 1360, 667, 688, 652, 1099, 1141, 1008, 699, 828, 1172, 998, 910, 1148]
	history_own_quantity:	[0, 460, 460, 561, 561, 561, 561, 561, 561, 561, 561, 561, 561, 561, 561, 734, 1308, 1356, 1850, 1850, 1850, 2278, 2278, 2278, 1971, 1580, 1580, 1382, 696, 0, 0, 477, 477, 477, 477, 477, 477, 477, 477, 1100, 1100, 1100, 562, 0, 0, 0, 0, 0, 0, 0, 0, 0, 0, 1736, 4399, 4399, 4399, 4399, 4399, 4399, 4399, 4399, 4399, 4399, 3599, 2941, 2077, 887, 0, 0, 0, 0, 0, 0, 0, 0, 0, 0, 1027, 2091, 2904, 3934, 3934, 3934, 3934, 3934, 3934, 3934, 3934, 3407, 2773, 2121, 1047, 0, 0, 0, 0, 0, 0, 0]
	history_prices:	[0.55000000000000004, 0.60999999999999999, 0.69999999999999996, 0.80000000000000004, 0.79000000000000004, 0.95999999999999996, 1.1899999999999999, 1.29, 1.4399999999999999, 1.6299999999999999, 1.79, 1.8700000000000001, 2.0099999999999998, 2.02, 2.0699999999999998, 2.1400000000000001, 2.21, 2.46, 2.3999999999999999, 2.4100000000000001, 2.8399999999999999, 3.1299999999999999, 3.3300000000000001, 2.9199999999999999, 2.7999999999999998, 2.7400000000000002, 2.46, 2.4399999999999999, 2.75, 3.27, 3.3999999999999999, 3.8300000000000001, 4.1500000000000004, 4.1600000000000001, 4.6299999999999999, 4.5499999999999998, 4.7999999999999998, 4.9800000000000004, 5.21, 4.8200000000000003, 4.6200000000000001, 4.4800000000000004, 4.4100000000000001, 4.3200000000000003, 3.7000000000000002, 3.6000000000000001, 3.3900000000000001, 2.9700000000000002, 2.6499999999999999, 2.3399999999999999, 2.0299999999999998, 2.27, 2.3999999999999999, 2.6000000000000001, 2.8399999999999999, 2.71, 2.6899999999999999, 2.77, 3.0099999999999998, 2.8799999999999999, 2.9500000000000002, 2.8300000000000001, 2.8199999999999998, 2.5099999999999998, 2.6000000000000001, 2.5600000000000001, 2.4700000000000002, 2.4199999999999999, 2.4700000000000002, 2.23, 2.0299999999999998, 2.0699999999999998, 1.99, 1.96, 1.9299999999999999, 1.9199999999999999, 1.98, 2, 2.0699999999999998, 2.2000000000000002, 2.21, 2.2400000000000002, 2.4100000000000001, 2.48, 2.5, 2.4300000000000002, 2.5099999999999998, 2.46, 2.3300000000000001, 2.25, 2.1499999999999999, 2.0800000000000001, 2, 1.95, 1.8799999999999999, 1.8700000000000001, 1.96, 1.95, 1.71, 1.6699999999999999]
	history_supply:	[692, 886, 335, 530, 657, 957, 1230, 564, 652, 640, 536, 158, 598, 636, 827, 748, 1298, 600, 615, 1130, 659, 1017, 846, 638, 635, 877, 607, 985, 1018, 876, 1409, 983, 559, 620, 355, 578, 674, 957, 1078, 1304, 534, 608, 917, 711, 699, 1260, 1802, 1371, 1956, 848, 737, 1934, 1736, 2663, 1824, 937, 1398, 1839, 1606, 929, 786, 1251, 660, 1243, 1099, 1048, 1329, 993, 854, 1027, 957, 1804, 1021, 1962, 1193, 1281, 1265, 1563, 1490, 1122, 1393, 1152, 1250, 1067, 809, 902, 751, 1460, 696, 733, 621, 913, 1060, 871, 770, 964, 1211, 852, 996, 958]
	history_volatility:	[0, 0.021818181818181796, 0.0469627421758569, 0.066141622312114109, 0.05541329784969129, 0.087368612963297315, 0.11781155703730453, 0.11105596831891926, 0.11210058860862375, 0.11606935977578789, 0.11248738966112112, 0.098928459214930431, 0.094116029404029883, 0.076287848398845809, 0.06598077376858158, 0.059547904039019883, 0.054180379305982254, 0.065968737833926067, 0.057653039047628661, 0.046955764571436284, 0.073249258960053562, 0.079021942379310456, 0.075997106619103333, 0.085422309919907305, 0.076557026018117633, 0.065531335100208365, 0.072863024284546274, 0.05991643568779962, 0.073342984615813483, 0.096492569510832599, 0.085145125945057507, 0.093410218403104844, 0.09143835749010791, 0.0736326137029297, 0.08150224480849759, 0.068657519388914706, 0.065915026500142762, 0.060232021200114241, 0.057422564751256032, 0.060909261014056637, 0.057026163997967304, 0.051681537258979893, 0.044470229807183924, 0.039657816498808354, 0.060429956902750395, 0.053749370927605719, 0.054666163408751231, 0.068511691788947879, 0.076358174979979876, 0.084482766399078243, 0.094081939614989091, 0.098910871889035634, 0.090582442004620567, 0.089132620270363144, 0.089767634677828959, 0.08096903731972796, 0.066251244615929974, 0.058948951083078557, 0.064487680722058488, 0.060228018331799603, 0.053043525776550818, 0.050570413841579641, 0.041163044854182457, 0.054916251486182843, 0.051104315929982158, 0.043960375820908802, 0.042199550656727029, 0.037808223521333062, 0.034378810222025144, 0.046936246558186935, 0.055486216977491266, 0.048329860281500409, 0.046393356824234129, 0.040129760836271726, 0.035165033158813301, 0.029168295957102453, 0.02958463676568197, 0.025687911432747602, 0.027550329146198066, 0.034600649790388439, 0.028589610741401639, 0.025586620719818164, 0.035647868004425952, 0.034327423034246143, 0.029074841653203364, 0.028859873322562679, 0.029672260797967809, 0.027721872383394151, 0.03274660359777222, 0.033064235667917351, 0.03534027742322278, 0.034783849845554951, 0.035519387568751656, 0.033415510055001332, 0.033911895223488253, 0.028193345966024623, 0.032180345222017542, 0.026764684340879343, 0.046027132088088084, 0.041500068243569888]
	if_clear_max_price:	True
	max_price:	2.51
	not_buy_days:	0
	not_sell_days:	0
	sell_rounds:	[24, 25, 26, 27, 28, 29, 42, 43, 64, 65, 66, 67, 68, 89, 90, 91, 92, 93]
Guarana:
	buy_rounds:	[1, 2, 3, 4, 5, 6, 7, 8, 9, 10, 11, 14, 19, 20, 21, 26, 27, 30, 34, 35, 36, 37, 38, 41, 46, 47, 54, 55, 59, 60, 61, 62, 77, 78, 79, 80, 83]
	first_bid:	0
	history_demand:	[69, 60, 59, 45, 110, 34, 64, 127, 170, 128, 45, 29, 77, 115, 87, 149, 102, 75, 86, 115, 167, 121, 338, 130, 127, 53, 117, 97, 120, 102, 100, 517, 41, 52, 112, 61, 108, 210, 95, 102, 74, 144, 135, 86, 102, 427, 130, 248, 268, 304, 218, 89, 119, 123, 303, 148, 109, 222, 225, 180, 64, 420, 247, 139, 199, 219, 98, 208, 81, 168, 188, 168, 163, 170, 104, 155, 217, 110, 109, 137, 69, 89, 110, 183, 89, 125, 175, 134, 120, 413, 985, 271, 157, 248, 60, 94, 112, 188, 85, 65]
	history_own_quantity:	[0, 0, 0, 16, 16, 16, 16, 16, 16, 16, 16, 16, 0, 0, 0, 0, 0, 0, 0, 0, 0, 0, 0, 0, 0, 0, 0, 0, 0, 0, 0, 0, 0, 0, 0, 0, 0, 132, 233, 233, 233, 274, 209, 140, 136, 60, 60, 145, 84, 0, 0, 0, 0, 0, 152, 225, 225, 225, 225, 333, 366, 383, 769, 769, 769, 769, 550, 466, 367, 309, 166, 73, 0, 0, 0, 0, 0, 0, 86, 86, 86, 25, 25, 25, 25, 25, 25, 25, 25, 25, 25, 0, 0, 0, 0, 0, 0, 0, 0, 0]
	history_prices:	[0.48999999999999999, 0.54000000000000004, 0.60999999999999999, 0.66000000000000003, 0.72999999999999998, 0.81999999999999995, 0.95999999999999996, 1, 1.2, 1.5, 1.6399999999999999, 1.5, 1.7, 1.8700000000000001, 1.8200000000000001, 2, 1.97, 2.2000000000000002, 2.3300000000000001, 2.4300000000000002, 2.7799999999999998, 2.77, 2.8599999999999999, 2.6099999999999999, 2.8199999999999998, 2.8500000000000001, 3.1000000000000001, 3.0299999999999998, 3.1800000000000002, 3.2599999999999998, 3.0699999999999998, 2.73, 2.8199999999999998, 3.0600000000000001, 3.1299999999999999, 3.3799999999999999, 3.4199999999999999, 3.5299999999999998, 3.4500000000000002, 3.6499999999999999, 3.9199999999999999, 3.48, 3.4700000000000002, 3.2200000000000002, 3.25, 3.48, 3.6600000000000001, 3.46, 3.3500000000000001, 3.1000000000000001, 3.27, 3.1899999999999999, 3.1899999999999999, 3.5499999999999998, 3.8500000000000001, 3.6099999999999999, 3.52, 3.9199999999999999, 4.0899999999999999, 4.2800000000000002, 4.6500000000000004, 4.6699999999999999, 4.7300000000000004, 4.96, 4.71, 4.4000000000000004, 4.5099999999999998, 4.4800000000000004, 4.4400000000000004, 4.46, 4.0899999999999999, 3.9199999999999999, 3.8900000000000001, 3.3300000000000001, 3.3100000000000001, 3.52, 3.52, 3.6699999999999999, 3.8100000000000001, 4.1799999999999997, 3.6800000000000002, 3.9300000000000002, 3.9399999999999999, 3.6600000000000001, 3.9500000000000002, 4.1500000000000004, 3.9900000000000002, 3.7200000000000002, 3.7400000000000002, 3.54, 3, 2.5299999999999998, 2.4900000000000002, 2.48, 2.3300000000000001, 2.2599999999999998, 2.3900000000000001, 2.3999999999999999, 2.25, 2.4399999999999999]
	history_supply:	[65, 65, 53, 44, 123, 43, 61, 209, 268, 100, 38, 39, 64, 143, 69, 120, 92, 82, 103, 154, 204, 160, 255, 166, 110, 49, 90, 111, 135, 93, 73, 365, 54, 64, 132, 65, 141, 158, 107, 88, 68, 130, 124, 73, 96, 335, 142, 220, 214, 236, 292, 126, 178, 178, 241, 114, 137, 250, 207, 161, 59, 386, 263, 176, 220, 240, 118, 168, 72, 100, 170, 128, 143, 153, 148, 187, 202, 140, 117, 107, 77, 77, 89, 217, 102, 107, 161, 156, 153, 297, 461, 448, 125, 207, 80, 130, 92, 141, 95, 54]
	history_volatility:	[0, 0.020408163265306142, 0.042252456538170821, 0.050195407853487493, 0.061368447494911195, 0.073752292242504291, 0.093148175257418073, 0.08285187353926779, 0.10628149883141422, 0.13502519906513138, 0.12668682591877176, 0.11842263146672471, 0.12140477184004643, 0.11712381747203718, 0.09904664756051744, 0.099017537828633734, 0.082214030262906995, 0.089121478017432226, 0.083115364232127592, 0.075075982372826547, 0.088867370260401118, 0.071813320668752539, 0.063948851480850402, 0.068641598667197809, 0.071005232956746739, 0.058931845939865488, 0.064689336401015193, 0.056267598153070239, 0.054915068621466112, 0.048963501438053371, 0.050827242868234104, 0.062811631428137768, 0.056842711735916797, 0.062495445984478135, 0.054571520186275313, 0.059631657043588936, 0.050072189540196599, 0.046490500170168966, 0.041724978039817874, 0.044974185330405009, 0.050773868812269217, 0.063068074641652108, 0.05102917235699983, 0.055232559787617153, 0.046049401867360791, 0.050993367647734787, 0.05113952170439473, 0.051840579112149676, 0.047830844792609906, 0.053190048968416281, 0.053519781110216894, 0.047708791249029783, 0.038167032999223825, 0.053104159314739552, 0.059384735902495892, 0.059975321189529196, 0.052966406536110885, 0.065100397956161432, 0.060753787752684238, 0.057893983747379682, 0.063604906624071977, 0.051744140353021009, 0.043964905430168434, 0.044897082906502593, 0.045998311486492402, 0.049962131142484781, 0.044969704913987794, 0.037306140871323244, 0.031630626982772879, 0.026205402487119184, 0.037556250240816429, 0.038357958627860969, 0.032216979147186728, 0.054565357096669695, 0.044853486878536956, 0.048571611255095425, 0.03885728900407634, 0.039608558475988341, 0.039316274573706213, 0.050875591837442648, 0.064623918446030659, 0.065286091278563663, 0.052737778875268225, 0.056403421069757723, 0.060969731391325312, 0.058902367391541269, 0.054832737286726996, 0.05740002441584776, 0.046995288349882508, 0.048291417845681417, 0.069141608852816325, 0.086646620415586406, 0.072479351668437469, 0.058786694186155619, 0.059126129542472872, 0.053309487324965446, 0.054152014638733446, 0.044158431794668745, 0.047826745435734994, 0.055150285237476879]
	if_clear_max_price:	True
	max_price:	4.15
	not_buy_days:	0
	not_sell_days:	0
	sell_rounds:	[12, 42, 43, 44, 45, 48, 49, 66, 67, 68, 69, 70, 71, 72, 81, 91]
Huito:
	buy_rounds:	[1, 2, 3, 4, 5, 6, 10, 11, 12, 13, 17, 18, 19, 20, 21, 22, 23, 27, 28, 29, 30, 55, 64, 73, 74, 75]
	first_bid:	2.16
	history_demand:	[831, 772, 247, 405, 635, 550, 788, 548, 918, 701, 622, 644, 830, 932, 496, 808, 869, 1167, 604, 1264, 984, 985, 1328, 1217, 954, 820, 1302, 885, 776, 1285, 1072, 1038, 553, 574, 705, 1140, 980, 1094, 1007, 543, 576, 924, 350, 659, 495, 627, 376, 589, 713, 584, 496, 486, 491, 394, 580, 407, 567, 540, 718, 578, 524, 477, 629, 544, 834, 763, 909, 707, 611, 714, 634, 407, 512, 903, 794, 592, 919, 441, 1567, 888, 1689, 747, 1013, 924, 808, 633, 629, 619, 488, 443, 445, 533, 386, 383, 345, 484, 565, 334, 437, 468]
	history_own_quantity:	[0, 332, 332, 351, 351, 351, 351, 351, 351, 351, 351, 351, 351, 351, 0, 0, 0, 0, 50, 50, 50, 50, 50, 50, 50, 0, 0, 0, 0, 0, 0, 0, 0, 0, 0, 0, 0, 0, 0, 0, 0, 0, 0, 0, 0, 0, 0, 0, 0, 0, 0, 0, 0, 0, 0, 684, 317, 0, 0, 0, 0, 0, 0, 0, 0, 0, 0, 0, 0, 0, 0, 0, 0, 543, 1458, 2019, 1500, 1500, 1091, 0, 0, 0, 0, 0, 0, 0, 0, 0, 0, 0, 0, 0, 0, 0, 0, 0, 0, 0, 0, 0]
	history_prices:	[0.68000000000000005, 0.72999999999999998, 0.73999999999999999, 0.83999999999999997, 0.94999999999999996, 1, 0.95999999999999996, 0.92000000000000004, 0.98999999999999999, 1.0700000000000001, 1.0800000000000001, 1.1899999999999999, 1.25, 1.05, 1.02, 1.1200000000000001, 1.71, 2.4900000000000002, 2.98, 3.2200000000000002, 3.9199999999999999, 4.2699999999999996, 4.3899999999999997, 4.0499999999999998, 3.73, 3.8900000000000001, 4.4400000000000004, 4.4400000000000004, 4.6299999999999999, 4.7300000000000004, 4.5599999999999996, 4.1900000000000004, 3.98, 3.9500000000000002, 4.3799999999999999, 4.2199999999999998, 4.0499999999999998, 4, 3.4199999999999999, 3.1899999999999999, 3.46, 3.04, 2.8900000000000001, 2.6400000000000001, 2.6000000000000001, 2.77, 2.7599999999999998, 2.8700000000000001, 2.5800000000000001, 2.5299999999999998, 2.75, 2.2999999999999998, 2.2799999999999998, 2.5499999999999998, 2.7200000000000002, 2.3700000000000001, 2.25, 2.3799999999999999, 2.1499999999999999, 1.76, 1.76, 1.76, 1.8100000000000001, 1.8899999999999999, 1.8700000000000001, 1.78, 1.6399999999999999, 1.7, 1.5900000000000001, 1.72, 1.6599999999999999, 1.9099999999999999, 2.1600000000000001, 2.21, 2.3700000000000001, 2, 2.29, 2.0600000000000001, 2.02, 1.8899999999999999, 1.6799999999999999, 1.53, 1.6399999999999999, 1.6399999999999999, 1.4399999999999999, 1.4099999999999999, 1.4099999999999999, 1.3500000000000001, 1.3, 1.4299999999999999, 1.6399999999999999, 1.48, 1.47, 1.55, 1.51, 1.48, 1.5700000000000001, 1.6399999999999999, 1.79, 1.6200000000000001]
	history_supply:	[564, 636, 335, 342, 535, 452, 633, 510, 715, 545, 723, 481, 671, 735, 592, 2061, 1405, 814, 1011, 1112, 1301, 824, 981, 1375, 1174, 1013, 1820, 981, 924, 1014, 1459, 1197, 623, 705, 640, 877, 893, 828, 847, 512, 485, 1059, 426, 489, 581, 527, 436, 668, 1016, 485, 385, 538, 535, 299, 684, 331, 638, 456, 631, 764, 639, 360, 552, 800, 627, 861, 817, 604, 868, 602, 913, 542, 543, 1019, 561, 739, 688, 689, 1051, 1035, 1479, 1068, 1254, 757, 724, 556, 715, 465, 651, 544, 369, 468, 306, 436, 411, 607, 629, 268, 412, 543]
	history_volatility:	[0, 0.014705882352941155, 0.014504431909750187, 0.038630572554827172, 0.057094934234337924, 0.056202263176944031, 0.052961810541555229, 0.050702781766577498, 0.055779616717609816, 0.060785309535704025, 0.050497406507067896, 0.060768295576024665, 0.058698670074265123, 0.078958936059412094, 0.068881434561815391, 0.074712990786707234, 0.1651275354865086, 0.2233300985646455, 0.21802150857059188, 0.19052458940680911, 0.19589793239501246, 0.17457548877315282, 0.14528099991781968, 0.13171454936477964, 0.12117410862762616, 0.10551837537395081, 0.11269233526060025, 0.090153868208480203, 0.080681653125342701, 0.068864976927919971, 0.062280142218868781, 0.066052183950533583, 0.062865613508875567, 0.05180002849554266, 0.063212174695168294, 0.057875675829194007, 0.05435741270126989, 0.045955065963485038, 0.065764052770788034, 0.066061534614291248, 0.069777127377953371, 0.080099158549761545, 0.07394774789244081, 0.076459236376236389, 0.064197692131292144, 0.064435076781956785, 0.052270083086215266, 0.049787080961725863, 0.060038724002830168, 0.051906948194512213, 0.058916862903435875, 0.079860763050021433, 0.06562774087479975, 0.076186403226155594, 0.074282455914257833, 0.085161258849053317, 0.078255589357723671, 0.07416002704173448, 0.078655752725824563, 0.099203671948101507, 0.0793629375584812, 0.063490350046784966, 0.056474098219246163, 0.054019057580921778, 0.045331648181139515, 0.045890986994109484, 0.052443126673939286, 0.049271574509883141, 0.052358436078494733, 0.058238950120657405, 0.053567904282572444, 0.072974805353768796, 0.084557854754219244, 0.072275913433005018, 0.0723003687554538, 0.089063923696346164, 0.10025113895707694, 0.10028824741020304, 0.0841140930737935, 0.080162561587747677, 0.086352271492420363, 0.086938960051079137, 0.083930253008183547, 0.067144202406546838, 0.078105605827676491, 0.066651151328807862, 0.053320921063046291, 0.051167375148309345, 0.048341307526054887, 0.058673046020843889, 0.076309066187304472, 0.080559448071794798, 0.065798909808787193, 0.063523481588526359, 0.055980075593401735, 0.048757570408496223, 0.051168218488959152, 0.049851772243396597, 0.058174100721546565, 0.065533693985058469]
	if_clear_max_price:	True
	max_price:	2.37
	not_buy_days:	0
	not_sell_days:	0
	sell_rounds:	[14, 25, 56, 57, 76, 78, 79]
IndianFig:
	buy_rounds:	[1, 2, 3, 4, 6, 7, 10, 11, 12, 13, 14, 20, 23, 24, 25, 33, 38, 42, 45, 46, 47, 55, 56, 57, 60, 63, 64, 65, 66, 67, 70, 73, 74, 77, 78, 84]
	first_bid:	79.33
	history_demand:	[410, 34, 1500, 1934, 1305, 1260, 332, 957, 839, 1308, 1640, 145, 424, 375, 1828, 379, 386, 1325, 1906, 430, 1846, 2063, 1335, 1412, 1039, 1868, 1108, 299, 1268, 416, 1454, 1522, 217, 468, 333, 1153, 788, 279, 605, 981, 1594, 406, 1807, 997, 902, 1287, 1534, 1314, 2115, 716, 3333, 510, 1597, 918, 936, 1428, 470, 1026, 1946, 489, 1370, 2057, 1401, 635, 1035, 1101, 406, 1352, 1907, 1653, 1619, 1166, 1295, 431, 1867, 1845, 1068, 576, 2405, 485, 891, 2596, 398, 2274, 911, 1708, 1643, 1385, 1798, 736, 2155, 730, 790, 1293, 1061, 602, 1214, 357, 1716, 1660]
	history_own_quantity:	[0, 0, 0, 11, 11, 11, 11, 76, 76, 76, 76, 76, 76, 76, 119, 119, 119, 119, 119, 119, 163, 163, 163, 163, 212, 255, 255, 255, 255, 255, 255, 0, 0, 58, 0, 0, 0, 0, 57, 57, 57, 57, 107, 107, 107, 155, 200, 242, 242, 242, 242, 242, 242, 0, 0, 58, 112, 158, 158, 158, 197, 197, 197, 231, 260, 285, 312, 336, 336, 336, 361, 361, 361, 380, 397, 397, 397, 424, 447, 447, 447, 447, 447, 447, 469, 469, 469, 469, 469, 469, 469, 469, 469, 469, 469, 469, 469, 469, 469, 469]
	history_prices:	[39.210000000000001, 40.25, 43.149999999999999, 43.030000000000001, 45.609999999999999, 49.299999999999997, 52.990000000000002, 51, 52.93, 56.600000000000001, 57.590000000000003, 59.119999999999997, 59.200000000000003, 61.799999999999997, 59.149999999999999, 61.329999999999998, 58.780000000000001, 56.100000000000001, 56.960000000000001, 58.539999999999999, 55.759999999999998, 59.520000000000003, 60.439999999999998, 63.369999999999997, 64.640000000000001, 63.159999999999997, 63.049999999999997, 63.490000000000002, 58.68, 64.329999999999998, 58.439999999999998, 60.670000000000002, 61.75, 58.420000000000002, 59.130000000000003, 56.390000000000001, 61.590000000000003, 62.829999999999998, 60.350000000000001, 60.329999999999998, 61.200000000000003, 66.480000000000004, 62.939999999999998, 67.150000000000006, 67.890000000000001, 70.329999999999998, 72.640000000000001, 72.230000000000004, 71.150000000000006, 79.310000000000002, 73.040000000000006, 77.810000000000002, 71.069999999999993, 77.609999999999999, 79.329999999999998, 83.299999999999997, 85.079999999999998, 81.780000000000001, 86.959999999999994, 88.079999999999998, 82.760000000000005, 84.760000000000005, 86.099999999999994, 87.390000000000001, 88.400000000000006, 92.640000000000001, 93.950000000000003, 91.010000000000005, 96.079999999999998, 97.680000000000007, 96.769999999999996, 99.579999999999998, 100.73, 102.58, 101.53, 112.59999999999999, 118.62, 119.70999999999999, 117.14, 122.40000000000001, 114.81, 114.06, 123.45999999999999, 123.84, 132.09, 126.95999999999999, 128.15000000000001, 131.63999999999999, 133.94, 137.55000000000001, 133.52000000000001, 136.47999999999999, 129.47, 127.67, 133.30000000000001, 133.28, 129.09999999999999, 136.41, 130.53, 134.37]
	history_supply:	[1926, 602, 520, 381, 501, 345, 1350, 368, 486, 348, 186, 343, 1184, 1845, 429, 2075, 2195, 379, 579, 2504, 587, 491, 491, 559, 550, 163, 489, 1180, 379, 1557, 307, 423, 379, 755, 1198, 261, 320, 1094, 1347, 1836, 210, 1170, 218, 502, 358, 406, 709, 805, 103, 2029, 0, 1529, 166, 379, 343, 392, 1030, 339, 497, 1315, 604, 499, 385, 1083, 485, 444, 963, 275, 407, 417, 718, 537, 647, 1910, 685, 300, 402, 1345, 906, 2432, 1436, 453, 1997, 1097, 1213, 831, 543, 634, 778, 1356, 570, 1841, 1377, 382, 508, 1406, 772, 2922, 724, 777]
	history_volatility:	[0, 0.0053047691915327679, 0.018653753241424965, 0.015479201897890829, 0.024374995262212259, 0.035680658345266403, 0.043514100712724303, 0.042322131674161337, 0.04142633279030946, 0.04700843823300329, 0.041104983801950337, 0.038197409510738925, 0.030828563603178438, 0.033446634666326511, 0.035333359512996473, 0.035637778058410702, 0.036825891776583436, 0.038579461294693085, 0.033929522689943412, 0.032691370960943489, 0.035650876064962519, 0.04200707100978926, 0.036697054657293754, 0.03905320957626518, 0.03525077343661575, 0.032779826670084687, 0.026572183058676997, 0.022653464131319089, 0.033274763744809574, 0.045876798044245749, 0.055013268063874764, 0.051642373520230558, 0.044874142758824953, 0.046684739308274534, 0.039778465873185877, 0.041090487902336971, 0.051315376666966242, 0.045078929032874811, 0.043957461227254795, 0.035232249014943859, 0.031069936457106768, 0.042110851126469728, 0.044338500395760636, 0.048848620462779491, 0.041282917219069445, 0.040214432169717179, 0.038740577443437618, 0.032121316580300749, 0.028687500446851699, 0.045887456436188308, 0.052521338241877123, 0.055078406847609028, 0.061386976859657737, 0.06751397152571692, 0.058443595723343802, 0.056763700478838906, 0.049684669866864643, 0.047505140688978306, 0.050672246569279954, 0.043113694219545404, 0.046570882714419233, 0.042089958950655738, 0.03683383596656515, 0.032463584452694642, 0.028282344847886359, 0.032218636059304549, 0.028603060833626719, 0.029141096884038143, 0.034454510294836253, 0.030894166104311983, 0.026578559746676472, 0.027070432792690981, 0.023966046977273905, 0.022846023325887414, 0.02032400134739349, 0.03806556372934785, 0.041145168567847744, 0.034753936236844349, 0.032096858788155616, 0.03465819387703295, 0.040128515885940089, 0.03340931911063344, 0.043210008330765201, 0.035183590659428311, 0.041470515938395361, 0.040943844047559366, 0.034629681413220793, 0.033150487229679219, 0.030014768392069131, 0.029402288059929775, 0.029381517834348763, 0.027939006957712655, 0.032623772975314311, 0.028879585306952608, 0.031923281310495134, 0.025568632550271593, 0.026727415043818724, 0.032706486643885348, 0.034786258151703831, 0.033712711416789408]
	if_clear_max_price:	False
	max_price:	137.55
	not_buy_days:	0
	not_sell_days:	0
	sell_rounds:	[31, 34, 53]
Jackfruit:
	buy_rounds:	[1, 2, 3, 4, 5, 8, 9, 10, 11, 18, 21, 22, 27, 28, 29, 33, 51, 73, 74]
	first_bid:	0.73
	history_demand:	[4265, 1634, 1537, 4017, 2858, 3294, 2482, 1927, 2910, 4893, 5911, 3693, 3158, 5773, 3473, 3436, 4226, 2964, 1780, 2343, 2462, 4691, 3940, 4130, 1507, 3742, 1966, 1516, 1783, 1690, 1075, 3887, 1824, 2070, 2645, 2432, 1823, 2420, 2074, 2989, 3692, 2541, 3233, 3160, 2323, 1617, 2208, 1534, 1740, 1998, 2636, 1952, 1970, 2280, 1510, 2108, 4065, 2046, 3110, 2214, 5101, 1723, 3130, 1627, 2966, 2370, 3778, 2858, 3504, 3451, 2751, 3234, 1475, 2702, 2700, 3472, 1812, 1303, 2050, 1752, 3038, 1457, 5007, 3980, 2470, 3474, 1930, 2911, 5713, 3228, 4200, 3771, 15817, 4205, 3191, 2544, 4781, 3339, 1684, 3751]
	history_own_quantity:	[0, 0, 0, 373, 373, 373, 373, 373, 373, 373, 373, 373, 0, 0, 0, 0, 0, 0, 0, 0, 0, 2286, 2286, 2286, 0, 0, 0, 0, 0, 0, 0, 0, 0, 0, 0, 0, 0, 0, 0, 0, 0, 0, 0, 0, 0, 0, 0, 0, 0, 0, 0, 1177, 0, 0, 0, 0, 0, 0, 0, 0, 0, 0, 0, 0, 0, 0, 0, 0, 0, 0, 0, 0, 0, 2440, 9085, 9085, 9085, 9085, 7782, 6470, 6470, 6470, 6470, 6470, 6470, 6470, 3627, 3627, 716, 716, 716, 716, 716, 716, 0, 0, 0, 0, 0, 0]
	history_prices:	[1.1299999999999999, 1.24, 1.3400000000000001, 1.72, 1.9099999999999999, 1.76, 1.8799999999999999, 1.8899999999999999, 2.1099999999999999, 2.2000000000000002, 2.3100000000000001, 2.0299999999999998, 1.8, 1.6499999999999999, 1.5800000000000001, 1.28, 1.53, 1.8200000000000001, 1.7, 2.6600000000000001, 3.2799999999999998, 3.4700000000000002, 3.4300000000000002, 2.54, 2.1099999999999999, 2.25, 2.6200000000000001, 2.9900000000000002, 3.27, 3.1400000000000001, 2.6899999999999999, 3.1200000000000001, 3.4500000000000002, 3.4100000000000001, 3.0499999999999998, 2.6699999999999999, 2.3799999999999999, 2.2999999999999998, 2.29, 2.3900000000000001, 2.1000000000000001, 2.0800000000000001, 1.76, 1.53, 1.1899999999999999, 1.2, 1.02, 1.22, 1.1000000000000001, 1.1200000000000001, 1.3899999999999999, 1.3500000000000001, 1.29, 1.27, 1.46, 1.27, 1.1000000000000001, 1.0600000000000001, 0.92000000000000004, 0.82999999999999996, 0.87, 0.84999999999999998, 0.71999999999999997, 0.58999999999999997, 0.72999999999999998, 0.66000000000000003, 0.68000000000000005, 0.62, 0.64000000000000001, 0.63, 0.52000000000000002, 0.57999999999999996, 0.72999999999999998, 0.72999999999999998, 1.03, 1.0700000000000001, 1.21, 1.02, 1.1200000000000001, 1.1299999999999999, 1.1399999999999999, 1.2, 1.1299999999999999, 1.3300000000000001, 1.3999999999999999, 1.3, 1.27, 1.1899999999999999, 1.29, 1.3200000000000001, 1.3300000000000001, 1.27, 1.24, 1.0800000000000001, 1.02, 1.1200000000000001, 1.1100000000000001, 1.0600000000000001, 1.1200000000000001, 1.05]
	history_supply:	[2329, 3617, 2704, 3092, 2290, 1739, 3866, 2670, 5039, 2348, 2090, 2269, 3958, 2530, 5174, 7520, 2949, 4719, 4685, 5974, 4490, 3196, 2210, 2055, 2774, 2207, 3995, 2100, 1472, 2671, 3546, 2816, 2498, 2915, 1621, 1807, 2753, 1606, 1607, 1749, 2531, 3856, 2536, 2024, 3451, 2272, 3268, 2479, 2948, 1522, 1657, 1606, 2622, 1200, 2319, 2637, 5187, 3161, 2617, 4708, 2316, 2361, 2214, 3643, 1591, 1869, 1920, 2126, 2465, 4222, 5148, 3938, 2440, 6645, 2082, 2279, 3313, 3549, 2814, 3078, 1711, 2807, 6725, 2415, 4692, 5598, 4010, 9016, 3698, 4460, 2401, 2943, 5683, 7845, 6685, 5841, 3636, 2372, 2474, 6188]
	history_volatility:	[0, 0.019469026548672587, 0.0317042534970026, 0.082079820708049825, 0.087756879822253803, 0.085912310140525555, 0.082366211748784071, 0.066956799186261295, 0.076845862629432313, 0.070007495790749677, 0.066005996632599734, 0.077047221548504047, 0.084297875760970697, 0.08410496727544324, 0.075768822305203057, 0.09858974138846624, 0.117934293110773, 0.13225593122064455, 0.11899155816332885, 0.20813442300125135, 0.21312407975438452, 0.18208462965716618, 0.14797317923005571, 0.17027358711582302, 0.17007713740919386, 0.14933185210744987, 0.1523543705748488, 0.15012777126903937, 0.13883131400519805, 0.11901612154054986, 0.1238753176146055, 0.13107051431473274, 0.12601025760563234, 0.10312704666421602, 0.10361600683283911, 0.10781083825315654, 0.1079715170444728, 0.093099902711208507, 0.075349487386358091, 0.069013214363234959, 0.079478353917366212, 0.065487445038654876, 0.083159186800154689, 0.092663713076487381, 0.11857541490563435, 0.096541004193415048, 0.10723280335473202, 0.1250019289582954, 0.11967367431417728, 0.099375303087705452, 0.12771452818445003, 0.10792701823101322, 0.095230503473699477, 0.079285177972758039, 0.093349402220726102, 0.10070691903685484, 0.10733718877279094, 0.093142478290960035, 0.10092907697239066, 0.10030847896921688, 0.089885337392240985, 0.076505971063218076, 0.091793012144692113, 0.10954552082686479, 0.13509404378013593, 0.12725331721588956, 0.10786325983331771, 0.10393766669018359, 0.089601746255372677, 0.074806397004298142, 0.094765752524073432, 0.098889525096181791, 0.13083575800797992, 0.10466860640638394, 0.16592666594702496, 0.14050832304888211, 0.13857488273817109, 0.14226486486822282, 0.13341973503183319, 0.10852150231118081, 0.088587113353369426, 0.081396006472169241, 0.076783471844402068, 0.096825007564017268, 0.08798632184068747, 0.084674771758264239, 0.07235520202199601, 0.070482586814447218, 0.073192792140633428, 0.06320539650320442, 0.052079468717715051, 0.050686131365149489, 0.04527331454093849, 0.062025103245654002, 0.060731193707634322, 0.068192798103362373, 0.056339952768404186, 0.054080971223732364, 0.054585531695967041, 0.056168425356773646]
	if_clear_max_price:	True
	max_price:	1.4
	not_buy_days:	0
	not_sell_days:	0
	sell_rounds:	[12, 24, 52, 78, 79, 86, 88, 94]
